-12.442323 10.66746
-10.228819 5.3449163
-13.163799 14.378689
-8.998199 3.1972895
-10.7628355 9.14873
-11.613674 12.615266
-9.672054 7.4735956
-7.402892 0.9812002
-11.496224 15.320746
-8.210975 5.186928
-9.746894 11.489011
-8.868021 9.375313
-6.8909726 2.982355
-7.7510076 7.2157946
-9.466351 15.197557
-8.687808 13.330835
-5.384677 0.36746597
-7.675776 11.616246
-6.1587825 5.908573
-6.5042815 8.829464
-7.4995084 15.330823
-4.70006 2.1398563
-4.8357816 4.127557
-5.777195 11.070637
-5.895846 13.6498575
-4.6981797 7.8737545
-5.5526958 15.700612
-3.9063158 5.9823446
-2.9606013 0.48062992
-3.9393535 10.557456
-3.988564 13.69479
-2.5612648 2.6126509
-2.5138922 4.533104
-2.5327382 7.65946
-2.8785257 15.944765
-2.145305 9.894675
-1.9820566 12.067166
-1.1605475 1.2659941
-1.4538519 14.153991
-0.8880309 6.1781654
-0.6829637 8.41633
-0.34577435 3.5093508
-0.16939336 15.960698
0.15614788 12.913876
0.4427497 10.944121
0.50388896 0.17889214
0.8615283 5.3073645
1.192174 7.466649
1.7891233 14.408926
1.823682 9.265136
1.648045 2.2700243
2.5892875 12.03154
3.2093751 15.850321
2.6617117 6.152075
2.720166 4.2016582
3.3648021 7.9561796
3.9048164 10.263252
4.4924316 12.629623
3.196993 0.7196226
5.578804 15.882568
3.9131396 2.7149181
4.5378 5.207946
5.432193 9.036001
6.5455422 13.718892
6.360314 11.020282
7.5938673 15.8131
6.0767503 6.7372894
5.151991 1.1828117
5.782352 3.0772724
8.480315 13.801365
8.339472 11.874154
9.595115 15.717128
8.40996 9.784587
8.178037 7.8352213
7.8233566 5.5614576
10.462355 14.02064
7.1374946 1.5018463
7.943008 3.4766922
10.529124 11.108429
12.197356 15.430026
9.5763645 6.3675175
10.662371 8.848639
12.334267 12.909892
9.631838 4.3496637
14.068059 15.983771
