-8.502085 0.0056419373
-11.715424 9.464425
-13.154111 14.351178
-11.897091 11.637099
-9.720332 6.0347605
-8.326441 2.534418
-9.863894 8.078022
-11.280729 13.54321
-10.001887 10.339622
-8.003569 4.4749384
-6.6499953 0.53075314
-10.668948 15.950129
-7.94782 6.967189
-8.280534 9.280049
-8.70648 12.1314125
-8.873496 14.107344
-6.0909553 3.4324474
-6.39791 5.85332
-8.305374 15.984411
-6.88553 10.6951475
-6.2334566 8.859889
-6.908166 13.950656
-4.1934114 0.5240154
-4.3123136 2.431593
-4.5544224 5.3112755
-5.3117285 11.905646
-5.4981923 15.320739
-4.084373 7.3034153
-4.141049 9.8428
-4.2973704 13.607229
-2.9299102 3.9551735
-2.3033342 0.03334427
-3.1615 11.625953
-3.1549497 15.191493
-2.287289 7.945676
-1.6528995 2.3444605
-2.0630426 13.499996
-1.5788473 10.012263
-1.1121497 5.4216003
-1.1708871 15.472017
-0.75781983 11.859712
-0.3072562 0.55629444
-0.13226052 7.4200945
0.15975794 13.744185
0.3328317 2.5170822
0.83790916 15.543819
0.84669787 4.82008
1.296401 10.130225
1.7033062 12.614573
1.7550725 8.051278
2.4376168 14.376792
1.7843804 1.1416187
2.4071267 6.138894
2.3979683 3.2634573
3.244496 9.444958
3.923327 13.094607
4.562231 15.863452
4.2996435 11.1006155
4.1410785 7.724126
3.9324033 4.4076567
5.6341643 14.02451
3.714489 0.09006977
6.6007247 15.927344
4.547089 2.5080566
5.4293 6.0404415
6.555781 10.507325
7.329472 12.867628
6.5662436 7.8211403
8.411661 14.93494
6.1250243 3.5802937
5.7215276 0.92638874
8.4954815 11.280015
7.2690773 5.337078
8.452923 8.8716755
10.007929 13.53688
10.928454 15.669919
8.698493 6.8604984
7.4968143 1.9893789
10.297898 10.3593855
8.482557 3.7258635
12.084064 14.057794
10.423904 8.136336
11.926007 11.721291
13.530429 15.419736
10.442111 5.9359655
